title,description,image
5 Tips for Mastering Vue.js Development,"Vue.js is a popular JavaScript framework used for building dynamic and responsive web applications. In this post, we'll share five tips to help you master Vue.js development, including best practices for state management, component design, and more. Whether you're a seasoned Vue.js developer or just starting out, these tips will help you build better applications faster and more efficiently.",iVBORw0KGgoAAAANSUhEUgAAAfQAAAEsCAMAAAACZbH6AAAABGdBTUEAALGPC/xhBQAAAAFzUkdCAK7OHOkAAAF6UExURUdwTO3v8Nrk456psuzv8MPJzjtPYYLbu5+pso+gqdrg4t/n5+vv71xtfOfr7CpBVC1EVlRmdT5SY9LY201gcOfu7cnP07a+xIuYokNWaNTd3r3EyTFHWYORnAC/hUhaa6q0uzVKXaOtt7C6wCg/Um59iqSutmd4hXCAjHWFkWvUrGJzgKbkzHmIk5mkrWx8iZGep9Hu41zQpbTo0xHCisju3iLEjoiVn5WgqnmHk5rhxY7dv1DMnzDGk7/s2XjXtDvIl4mVoL/Gy0XKm3+MmJqlroqXoURebk5odXKLk6e6vJmusldnd4GZoFdyfsTT1GiCjF14g2B7hQC9gic+UT5UZwC+ggC+gwC9g0BUaD5UaCc+UiY9UEBUZyU8UCE5TSM6Th83Sx01Shw0SAC9gUBQZiA4TAC7fj9SZwDChAC8gAC6ewDBgzNKXz9WaAC6fTdOYjtQZD1dagC1gTtlbDdvbieNdjJ5cSCXeSyEdAGufxegewynfDJGXXih78MAAABTdFJOUwACJ2cGRO2Ob5MSHwrBDfv4y+Yc1BY8U4ngMEvzkfjaYu8yXP6habSpo6m6aG51roE1uVnwQOiLfJ13hMXgTJvXLDLPmF949eu6coSXpd5LyNbRZD3/qQAALf9JREFUeNrsnO1vU8cSxhsuCAE0hXIBidtGSHy4LeJDCwWpFAoSrQJBvG72FZbSyOYcO445BhICgf+9Z56ZdUAF4gYjVGl+SRo7JfbhzM7sPDOzfPGFoiiKoiiKoiiKoiiKoiiKoiiKoiiKoiiKoiiKoiiKoiiKoiiKoiiKoiiKoiiKoiiKoiiKoiiKoiiKoiiKoiiKoiiKoiiKoiiKoiiKoiiKoiiKoiiKoiiKoiiKoiiKoiiKoiiKoiiKoiiKoiiKoiiK8m9g56ndk7BnaxZ2TvymM0cmeL2Jrmv3DjXhP2fm1PIEVK+a1ysf5nVzYuI3nb2z1autvH4xyXUtX9mrJtyOq59+bFzHeGOc98bRt/ZJMJ6fmRCCMb631s3RxmQT/ptTjClbm21saR/YFJs7ExtgYcXGaHOM0dpEn/Sq7UdOOUWbrY3dZ08H3pv2ExfTfrjQPjbG0TXJl+/M/aoG3BZn5/rG+EB31HjjcUMdG59ubPs4GDd4+qyOto4xx5hijMlaC3O3zy09jbFufpjwHfddHWHRpMRmz7a8oI2WyLle7znvjA/Gee99oKvwxrXPYXqD5eAeX1LzbZNLVYBbOxPE0oGeOMd+hu+ut15HmCjHmFOCe2bycbJUht+Ork64we5ZIZtHm2KKCBzs6/RS7WN63l3tk5sXr8YjPMGq5EDkTP/cMbXeNtlxrk+O48nofGPJ1z3cHiHWwfir3Zjy2DSJQj3ZDJEZP7fNjYne78j8KMG3c0w17RQWbp4QNMj4th5u9JwPTi6GVqHBssRVGXh9cKY6r8bbNuf7neBMKEbnfdMYcS+64bSrbwxrC1slyw5vZUPOmdZA+2D0ZNckScS1Bi9iaclYdm6O7RRA8LLd5w5LkNYb7zuuJBx0QQEhyFdXDqvtts3eKxXdYYfYTuGz/aIHPgSKpSYE550fPO9G2DvxNo70jROyZDO8tbk9gWw7YWuYFlbOSAcsXiqlxDt7/eTlgK6A/Zr2dEeLANkFb+e0HfXNGTXdR3AmdBDd2avIt7GfY19n87cPBy+f1GybiJSdDMQ2oy/y/FQ3x7d8r8N3m4gUDolBillWAOUKnMzX3TXK3NnBAwIPglBgJ4fPt5+PT+9Xy32MbDtZwbaUyAX2LGRLHOy9ZFO9tTojz2K1RWZDeI+ZkngScMPm5pYR93pTI/dLsDCtIZIBlCJY3iYsyTXRZojpdFXQEaLgDIJQf+6sGu6jKjQ//tTne0lGNia4jkFgZ2tzehfc02ddpOu8Jedk65Qy5fAcnymfX7m+xVsdu9pgX+BQTts5GZwoQZ7kmmHNSCoiwPJYiWR+iUTGVCrXPpbdFcVO40UY0d12otixv2Mf7a0Ps5UqCut0St5ZY5dcbv7DKmrmRkO/nK2QOTdEnSdBEsTuqiw4CuQljzPBsYowclH9c1qA/WjZdrEy0EieSzTs8RRXOXtyXKJ73oV1KXuzOeex0WyqY8pUs1u5MfOh97k1P4LYh4/bmhN3CHYrob4evhpwaA+I6m5sdq7CccbpVK5NgVN9Dp0UPf1m4csZR7m74dx58OoJZFukwgxt5ZEFu40S4q0dDW994F1mrzVDxAqkclaUGhRAFv3ffTHgsiAvwI4xRUCK14NKi+7TkG0XKm9cQA7HJsbN7WCH54TKeT94wa5OlVPK4GyqLet2W1tk46m5Pfv+d1kY1byhZ/xGLQsApdhEDzLJtVKFwyaDQrArXi50+lp0nwa/znV4S5dGC3satnPnWCz7MHiJXI6TMPFVrtFw4k2O2yy89z0O3WxY2UsSx5t7li2e9F/qrvWk7s+W5kXoTJFwtLs7v3x6Ri02jQz+5DL1NQz32MS1UPjk76iSmMFaN2ebuAArPo7ae+S0LFk7urnvfe+xp+EMIKJXlyHV2cPpeftk2H1GRfeA6j/EBDVdPHYYzxV4+taZ06L7dDgG2cZ1meA5vnppZnrO8lzw1WrX8jacuB6X0HDhAnqierpt9rxXro2GvEoQzel385D8Hlk7PavrjZ4vNTd+4LyEdY70VDo0y7vVXFPil2Wut4s+x6YqxRkEdwTb3oatodMzZ95JvJ27L5TYpdH8kffJtWg5GxDZlvi3KQ0cot1GRXe00Vg9SFiX1n5J413/4j611pQ4fLnithrUUVFqSOSQywWWc8+70OYxF6VdejCs5FKyzbV3luCPDkd23KlJLNO4y2Jbm1M9tpVrPRecaEZegd6VOhy3YIx3/VNqrGnKNhN8KI01dDuCJHRiBxNQgkcsjkmyOQrtqMlGqtClVA/fNTk1e7ux3C+H5oMEsCjB80AFtdFfDHgfdzIlw37OUiIEhHbjqguzaqupsf/C4zJOMcaxh3tuuDoTINuo35KjzFBwRbUkdbRHN3ffUYJfaKDQaCIqUmEnSrZvWeinGKnoHkodBl0eaajjmoLkFzojNV3OznV4UsbxvIIvhdkiniCgaXKKW2wRzTLYLfEuH3nGYvT3Evyhq6NxS05+SYrvicVAzPVaL0jN1zhZZqU86KTdH0x1UuXaVLm07AJX28Wxy8CSDFWgLNtb70YZkGRvHQ86kfHxo3dMTu1ZsaVGjzI7eXwJ9gmtOpqRwppjsYhsAm2A8u60pQedkZo2O37qu3HaxH7m4PUklykEYIjKtLLNIrZzDT2zWOfcndO7v8m2H+dHUTL8tFnYQZs2yWDlcKOHES1U1w2PRRq5Bq7+UzW++kXNNG3ZVnkUXoM4eMmkpa9N2ZQzvY1hjjZv9snKILNU5hJ1296enJq5tgKHlv45u3hGixY92cgzUl4EA89QeEzCleQCXQFTXVa5Nm32XobVjZf7Pm5fm+A58tP9p8kpNMFRRpMqvJUBC554e1u2zdwa1Twfb8vcs0Uul6hbh5VQP3nVk+FmVyr/HFoct9VpKbp+R+Xa9DnT6TgZVfBlAn5ciS9AtuUoLptlKoLnIUqrfPSmbJu920QuzpdaPc9hoEpDSyXVrVzjpKGEdI7uMHig0IOQU+mM1Cdg5+mK2yybPRcp0JjS5nIm9Na6nIhnGXuyPMgax02Y+Nbk1EIj0zXyP6MtQ9Tt1xC1OMi1gEGJgFM1MpMt6hxqsZVrOiP1aWRbX/ZTksp8loiHjseTU87QgRcMuuRYRhwprnOXnP3fvjE5tePqCA0V2QhiKeWUP5pTrNd7qANKbEHPpSPnHaQ+Rzu6zkh9ItlWjSN5YO2EcyVclCfrk+v31iHSi1CTXpstc1O0c4/md2zKtcRanm0d5WiL5dYarRocaTFFqpVDDpw+Sk7pvdcZqU8m2y5WItJLFlemaDw7PU/Dr3a50UbdcDZjRsklSbc1pZVy4GXX/AjmZj/Pmavu0phDtp+HG4PxwuIiDGqwTg5gBDb9BDNSe//Bnn9ID0uMOV91MMVAPc1Q4quHjOPGG7n74NWwfqN1AhO+2Xgj2SaTU/uvNdyWybwTiMFlthJineSa9PZg9A6bvYy7y8Lb8kjL3hM/f/n/45OZfebQt/89+O0ure7JrbtQjR3bl4ODmECmYmhAeA/ev+gm1unDjFPLGIrIOAlhhzgO0dzG/T9ua14PPEmZ0rhYz3UZmzAjNc4ZJGmnrn6Q6Xs0/Dr9LY60HD34YOnRnw9/mOhvefjg0h9/LB34Wb1dZFubyyG8BjkTXmI9jkKgz+rM4OUzmo+Tvou1Ulan+beI6ehoa0xOHb7T4PQSi7NywIGtz2fdLR1poeTcjwWi2xzTLD9xj09/+NDU/75ZenBvcfHR1xOVb/7z6P7i4uLDpe93qsEh205WpiTOpkxQBFoBnofiKez7wVpdszy37LA5yT8ywGE7ptjQ5BQdaUHVbZjK7CsP2aC9SgG/lWukDgJ30KWvW8oxkA60p291pGX2u6XW5IuL9+8fneQvKX/64YHPXsqf3fX770c++9LDgRfupFODE9XRsdc7RN32c/B0tStGLxX1cqQx8b8xYG1znWak4uaRtSQHZDACmympi7bO64OSMfJsVChvRwNbXo5UbjUjNfv9n4uL99qPpd8mie5fPySj33tw4Mhnvtu7vjzw1VfffPf5dcluPvqAZht7fOluwxdpX2+tjgMvfKQx/cXetT+lkWZRJcpauPgkGgSiRBJ1TBmzNbPZbOa1SZndX/aHrYZ+0y+gQcfSnZ1NMlWZP376u+d+3QRA0KTAqrFnyjwkYPXt+z7nfCYTXUxuzQwq3X7+1/N//5eYzVTdGaA+YoNOKb0DSguXDnocz1WMg2giQ89c1K6NitqbFZucN8yNgYkv2I6wuRWuThmRsVkOHNv2gu2pR5zF79oCPZGAKQBaIkabCrkKjZBTnKLldpzzOviMIpJ3/vPPDhsdTEXM7vCwiHZP4Gx+I0enCB9X6zwHwmRODGEvR7Zri3mXjO6sjEGTLzUii0cv919MN6gu5oMq/dSNvakPmJ+2pQiEkpAMYhAyUFUaEV7qtRgSwYhmat4Nrtd+7tC3TUjViBoPi9jI2OBHCUqLKhctYndKoGeGUujxSv/yzUiPnI3StAjvVX90/T6Xo1xQdZYL073R9zxRT1qiuJh2nplZ+vYSygQaM4Ypx6osU4LJnKIQ4YXmqnWsXYCdook82RoQaZPntLxmAxfK5Pl763+/nKM/T8b94u2pQ4T7R5/ZbI6BkdrxRHy3qv7hyLJoa1lE9ygVbE+5ZTv26eeoWrazOW2jz3wPBqHE0EixHxVLVyaQQnOKITSGXKTUJP/UlFg6iI3Ijbsh9y0U5FvvT5MqUaMeQQG5Ko410eddjkNpSaU9VOTpkfnxKICD+QdTvs8L5OmioqzOT93oM1+1wXlA9SxFCvSYxk5/OP21VTdZiQb4OCkRJmXiiMzC7k1f6+TwsfVb/z87j0e9KjPYyOa6oE5i4K+cff18nFbzkN3GfTLqpXsNyqROdXfKtzmVDkU9Wa0Gq7eAkpn6+kxYXbLINGYbxct1wWZXtTOBnKoBMmfUiahEvwXCNVamqWH7bkh2S40XMNG/+Xiqgj7DCz1NbtVYfYSM3h6P0nIUiPtnWf7+iLiwmPbwdKxNvVNacEPxkwTFW+DoMzOvLlmMgNgOpNlIlqYALCcn50JzipGRhizqWATQ5CU772VQtjG3lWntRuuDpqIZJzkj8VxpMToKgnFi6D4epWV2q+hRTe7mR7x+10VQ9Z9NffY+u7AWBL6/XbgNNheEF50hsLEVyPNVAXVgcTlN/dBC4V6vGVJewGCZKJrJG2x5RH8O8mYHRieMlC6JFTLG68S4UKUUiqKMS2n5c9anTO1URhRFLxs0mbHdhVtwo1MLpdLO+m0ZwbfZyoyjUdE2o5xnEI0mkFMm0ZJ4k8KwZsBkCVEBTgRHfYoExI8RlbzASMmynUZxRJ9Kdmsw+uXYlJbjBqoiv3TlyzLbFFKrXvkOTt1bF/3lkjHwqKvJueH2OjQbRRg4FYQXkgjmlRmIzKQvKEnNwrVlppcSQ2JCRzpSGiYzPHZXNBY207l81/VrUFrmZSd2dVU0X/FQu2fvEHe91zcPz0i4jWpqndFqceUOaUkhFdzi8M3ijwazX2jXCt46Fez1ekJyJL/vdN6fq6gU4gUP0NcE1OBnS7n8YezEm8mFZE2vuDEqIETx3Q6P74zcd/3QBrVMIyMQYoYGZrqe6NEIqWBpaslFrENcwuBo3010q9UTEYvWu19Aele6F6qqKBp0nYfx+vUoLSXetLl/uyqERalfvGzEo/EHvVJ/baNB50WLqsb9m5JwmJV3BKcgHBRLDdQ5gtcgIirJ7IDG1y6AniVKC6kPdJMaNGxZdLlFV65Fadn0HCT1q4ZyW2WPjO6v3qkVDbj+3m4Ci45xidKNWozT72nStom8TgBZaEiZHQY/1lk3mgo72qGLNfoHavc1tUvmJhabl3r+SvvH6wxK76+5NOvw0lc04E9kw1a6s/Cge/imnQzEkwWMdHRmP2kfWhckLwWhAe7daF9ek6qAsoIDJUb8F7Vr51rMnornMqqmJEc4KGrzmpSW/UAY3bKdneGdMV5TdZY37yw8sG0TgqEaorvWjJdtWsIvi74r2rY6hNuNGDhDC9U6teQU4aFiUEekF5tWsV1rqvKNZEBXtS4mzQ1kf3d9W1jU9g+GVn/rYgUbGX3qy5Zb3baxX3cxxkVVpzfZ1zVxwkvHTPS7Tdmgs4tj+C5m8R2GSZlS9jdhJ6JuU+NUjuu6sr+zi0UesG4PG3fMFirATwT7d/YdfJFUcAxvwARWw6kLaNtIXk5s2wggKZXBzXjEznwmms5AkgaK30RpkUANht/psbKRFCD/6bqUltlDgBKcSmF4hQ9YlbdzZ94hN/FPl6rKKFUdq25dTlEk/UhIBRtSMVJm9Xg2Z5qydYd2AQUCU2Ck6BES/ESFm3VC1At6LA5oihz9+pSWI960Da3SMquhdUuWLbf2WvzuDAxSphWKr4xq0vHXNE0jqWBmrBuQkDKlhpTcuTGEjmBUFx/PdSXWqYMwJQ0EVBWfROC8G8j+vi46NFcfCn7bKHrCzy1/747oMNTVn541eeUlu2kV3FKNO3jC0PwGzSkQGbGCoVHMBUlOwdpG8gtTWnScE6NhFquw5rcu/3QT2d+5LFx96OTlCEO7qv/lly1zS5nM0hef7M5lMuup9cxEQdKC8MJnp+hqoizI6HTIjhHhpWPw+R4mtupEUqtjLsdCVBz1a6C0xGD3LjUrXXaDVMbd5JSWBwGM6h4NvoV7QEp7xU8GfUsbJ5tX7mPntk5O5q94BjPzbw+yq7ncanb/ePNaahnRR59sDHlUMoW3B4er2/l0Pne4Xzp5PSno7uz3D5s60wh1nr5qXSe+AFEjCC+MewPe1WDaA3ftLANs4lSI1nsEd8LA6jF5ijIGdvVi/H4z2d+NZduiedvg8J2i8U21Z9lSyBYry/nj4V66eFCuVFZWhyAdZl+XcitOELrRFQbucv6gMLbDb2RXKpXi4aC4tPWC39XzvOh9w0o6e7w1maQkCC8awyl0VaKVVck7Y8DL+Xsq4IGUIBY6Gf2CjU/eL5mrgtKi835eHtEDmW9e0tM6t/nw+U1+3KWcSx2Zlx7obzuOA0rEcfeNLweebYfui2F3NHPYiF7gNNYG7gE29sth6GDMRxwb118+LIwXj1PbDYF7b2z3lZWLpTS9K5Uo4qtle75bfjYZiI1o2xgqBQYKu6Qi9VshL0cjeAMAdzAbBDEZtLVajJ8SwR0KBJKPLud7mhQfZnBs+4ayvyWfQFNDhnIvKeXb3nL3vXvZoDleuDasuRfLWLGXawxY5KyXigF915JWFx/urxyM1R3sYFtgh70/bSEXuHgzIPSRtGwvKB5PZCH8qs34Vy7bmIOk4xwvDQYTyCmTJcYAh+UEDlQstq6U41vvmp8sbhRIUmpdR/9Fvx9NaRlybVZtQsoFg5Cu9xEHemgwj0Mympd+NMzoyw7gi/3ciI1VYXKLjSKtJLiRY0Gg7tnUbfSBeHaKAQG6yc+Fo8Ploy/ulSvEL9i2teUwTh7fpPEhrOydGqSCGRnFIAkCw1Oix9qNUNBGjSgtrCyvyRNEiDkDRL0OtPXZTU9pEWNWcX/c/IC6a37FoW82PiG8CaMLO11ldHLl4EHfI7YmjWPbnifyry2d3i/vjGN0uzrA6IWyL4N61fE8z+M4TyvE3ES2g0/PugfiTDdD0wV4iyLbNl6fml3MVGapGmz0OigtKk/hpNqEzos8BQcoK+03N65UD+C3dmVA9nsAoJTjbfYYvTrK6HTP+4y+W/TZxp7vFvO5XL7s+R5bx60ujGV0q8/oqbwPv7aid7PSa2vpihuGDiUhy89OpIif+/ZSU6QaN4dg2rfqvBqjpIwTXsjEHZibxfxrOKQFk1k6VJMP81QSvREtOQJO/N/Ubyz7O3tCXmHZ/W7J0Ekxjrvfa3Sq/a4y+iBPL5RD5ir4xf0nj9ajlvrRvb0ybX2E1SuFMYxu9Rl99oAZbnZY3Hs7/4/omr/3Mld1PRFR/KPJ9G3fnHXvVuNQzJpfOExLEyN4OYwDl9GMgbC1+MhsorTIxbmUIpXnwClY36v658j+CqaLSIPhal8B/ToNdFzj02XL45Bi/iij93l6Kh9SArdc++Xr5K8fPXNcJGJ/5Kx3oNE3VphIHWa72oWl+cflhu80Vie1HfzqJyWexoG1TBNzjUE1pFGjnf7aEuMZmsZAh4SHr6wyJ67Wu7NzjXODioiu6wmMAke3jElpGRaX9gJ430rfHWcWkR18mm0fAzp9dU6nQu5BzwdRbLf8tZ7V/E7ZJaNbjb25MXK61YPGLiG4O/Zxz6O/fpxbyU4MwkuEF6n3r8bnX+qqktDdGDkVn458AX33er1mxjW8QRgpuUWjgyRU0gGNowgNfT5P9hemtaygL6U+Y+sWUzO9hdxIo1f7jP7Eo/IusnmfHQpll54HO9wdWb1TGdht9Mw2Wgx/gLzCUmqCCN5XbS1mtmgc2akIY+VWMtjpRzqGkajKHSNWjk1I7FJHCkQmHOcbn70HTTGVMFKfJfu7VfbIz4K93jYkj9Y3yM7O9OX00eG9J6evS/j8IJbx7opHxgxGqB6I8E5F5EJ3dLfRfkxb/Pj+j201xsrIo11w4gOFZjoqEVLBhjyZk3EUZnyQF2GkkMZ5q6Lin0t8LW9gPvOUFsl0cXuHLZsWxmaNnlJoTKP/ztzVdbVxJFFJAOEAwpIAhACCWTAYY4MXdhdw7N0NwX7Km8Y9bfcwX8DIyD7mwdnY2fz5qKuqe0aaGSQhccadBzscxBlT091Vt+691bHTJxTXLrFuPsNcrJsEGY/39jv92Sbc80H2HL7DZlOZ+KmWel25TzGV5UnmlLZ7fhv23N7SX2S5xtT3m6qzAt1aDvsfMrubgwFrkudgHSUsp+MXfhYAbmOXTpOC3mf2Pk1M6mBuJhXktwzD38n3W6e/geupR8ek+y3bDm6I98wo5sB5UEYxYA7E2PXvVyR0QYLse9Kmo7P7h9++mDgPCGA3TA1wyKICanidDT6lBbJfIYx2CEbyJ7AO6kzrH3ndd7ro3OkLJRd/WkoFdeRZPfgeJAX9yJdZoy2+A1GjtApmdTUhjYe2MBErUTnh5Qo5kmj0+1aPSZeHO/hIwfsRUSSjClrBsLzO+5C0pPVHygiZdGzChRLi3DEw9RHEp+tON0Q06McBHMzueuHWz3SxwIE7PRZ0+KDxPbB1/9OoMyUnRaoTtcZgy1P+ff3t/JzUTIolRfypz+9xSgu+NlyJ5ExSSHLFsx3GlJZVPHnttrYKhinJaKaHO93q3On5fQ8BmHJKUTY/h+eKO9EvIvcMXgTLOfoOgl541dSmQ3QXR0E1cptrQtmG17kylELTMcmRotI84gXJTJ0eoPfFMKa0EOO1vYGa34X+m+GsTebix7voIejRnT6DMTWC7bT7EIwxhBUs9pLIRV6N/GvIN4VT+x5YfC9oWh8jSwJlAkXEWPk10wTByzl6Rr5/R/GGoT1XX+FQQBZGSHolggZxL83+JC1pTZc1xwCsvDjahtRBFeWd5HL93+md2ftsDcQ0wktjUuf3wePEut3MELts7eDM6QrU7lawm71sPT/5S4PGqiMH3qQ+OKMkHOH5T9BtQ//Qc2y1fAC9ouRIceVOxxlJkc1I/05eH3fiSMXWiSdbE+0Xrmpdb77O3eF47wz6z2RrlBr03OMLPG12+oVhQWGJhcFy9uzNQ7D5YqYZTmtrV54xPeEFuRRIgkfhsrT9ZZyMqbD4Y6aiTDBGvfrGwVAYgBs2/S4jeOtjH5pUbtwxuKcum9Hew/mZfGvSd/ouyKcs/6TvLtuWgymE4W1uV7NWWY4+uakjw4UrZmx0hBbFvVW2SSakBOfQBB6Fyb99+YST0Xlde5TRwOQ6KmVgqOZQprTkpyqIZPqh59DMGjpKJhjN9NZlE507HeOStpGrK4TJrXY73mNBnyxTl82wfXdtdTlb/dXf/9Hk2GLjNOeYEXud+LLgAvYFIXjp+ktOBO8+n199u4YCn6OPO/ZcwulMUBSY/OOQprRAbt1aEVBubBMrYnskd4egWyIedBRNlJ8lrV+3sYwXlrPXFXuP9dMXxj3FwbEc361sPzvN0Cf6hxtqhnJqu7B6qDNGj25eB6tgdJ7BgQ5y1t7/oDSTDXhmMpW6c4RkoVCXp8CdOVKxtQWZnIjIm1ZRrJpkNNMbIidEUtCFa1sJy/WRoiPcrnV6AokitzzuEwVLYNxL5TeZxX3qFdjL6YmYsEE5omy6VWaS4OUcbX/l7S45UnpUL5JkNH0CvGABoKvfvBjWg8qmCxRZ6nAdlYBNjPvcc9ChASoSjncjwohE7oTRiqOFTKfuroApQc8tzPnA+kJapBB24JTKIxnd70+b2t4NoRrgqDNGxzXOVyLBC/n/yi0PPlKY4ptEkTIjRoQctXEDcKRi6QdyZIT2HFoiOC5IaI9AnS76Q+TCoAsR+TNCicUurr3RveGSEPTc7OK4jx0d5GPJuNtzDzOxRpp5eQNBYqFJN6tHKfDwpU9/XClVCxAooFxjEV1UXY34Iykb2Q0dDu9BjzHoWt605afLnXo53oWIlWwUV9uybPkf/Nl5yFvH+Vz/dzq+pkdrtu/YkZfICtztTACbf/94CWIXxjVPLmoRzsFBFCe84KR0aRWrOVJoR8i0OsYk6B1OgZuDIValBLQbtLPz+z65+k+mBF3013BRO13SYGW49XJdoK8ChXW92M18VgZdCCPZx3B243Ft0wMdBZ0gtl/Log2Tf/IRlMWmsvujZrhJxzZAbOzT71fnyJuSXRforgGax5U+0awr4TPMzu7d9rfnI4kkyR4SlmYrrrxyrUQJc29s2KSSTRju3EZrPYS1JdeEXHtyTWycdj2NRwwrbadj3Ksnc6UgcEnxIGl3WbjILrXKtrA2N1GPxjG5AycBEDp+kdP6yPD7w7tv15yGgDCCYxhSKMB1lND7mx+G+pxHPiRBLnITq46Frv5JratHXndipEi404HqUBzoKfFOv9WxdH75qFzyXJU8+HNZEGp++hgZ9EG3u0JVmaraP/15/gEwOYnLfK2jMxw3zchMTUWdJz1T89Vw/zHLm5gXo+PEmX+Lq/9d+unqTneK+cGDbnSxqZ1c3hkP8BEkmJ8BNjv/qqG5M8pZDoUujF1yU9Hnvl7heG2QtCCeo9zDuZrPEs7qNi+bQx6NPq+aLidw2GNck3ksPQTd6mTOqDs9GDjoonvQ5QF7VnIEYUhZWNo+bVxCrUY7nbgPaufTpFywCn6vbX+JKo90OFnlARrD6hqoabwcdhF64oeeQ4o/kapqhON9PS3oVdyPIkKHm60pRG50sKAnwLApD1FxoPK3vMUMtvroy4ap9zlHLnw7Ei/Dfv3HFbDlyEdKD1VkCMawyOivOuPNgTlS8aZLhDNxjGB2itGMdBe9dYzPBP4oy92KBN2hiWADYQsjht2zC/mCss4qZwHG//PHS+DPEJGGwqhlL+giK62C5VDOD2G5htk9qZyZtiKUbZebJ0N/e6fGkfDsHZHplCRFJ27LEeK1pjoEo8C5LQ2cLlOdt3466E43etvpudwbZVmeiamt9ClAYwpyg+eKXUEzWiXUKgUv79/RaHReNzXrRlu/QnsGPjgMjlRs0aSWoDxawAs45Veb/1sJiTZp9/P8XABE+rb2PBX39mDWZADDim6kKpXP4elil15nEfTCv5oUdAZBMxGTQft/E0ev1Fm9VbZJ218TvYkwdTOxcW5G+DKt/7n56R6ecsunq7pQxQZ1mqv/PIkg0oajbQjMnNtw+z0CSf39AXd6OjgTW/vkcv1rJhD8i4a+xDk5wvHohS45Uez6z88oacEJrWFtX9eQHPIr+VA4UvFXE+9Ay91a9UnZkgKWPPYRI0lmuUwXEaa12j1LqHfqrpwOuNO70yc19gCni5VR0Od/aXBEWSh9hzT8Upv7olWB+fUKJS2KC4kkWpNH1e4Axj29j4fMF2F8k2GvVVwhi/bU2YxVIlImp3J7NDyt/SBQsmfh7eYHD3pvO/0NCTCzCXrusH6J+BtoVwFp07IH1YHhrbINprToXgwzQ4eiSMdlYElLyjpG+arhgnb5Fgr6JJXxIliLI0Rj63j4d6aBapCe5R0PGPTO430mrXpdxUwuq6BPHzTUZG3GFZeVkyrNxLkcrQh/+7+p1E9KFIXSVMZN3XJrDocjlVDjlGxqVeA03XTfji0KoOEXO6O+QBe+6PSblekdngBpjhOFiTftJWJ+qTo21TXoY+W5o0QeLFQMIqtETpZtMK2PoxiRq7nXdMnrzY7YC2daF6Pweo7pHCB7g0ta0t5MCgsZNN3CVpssqqGnXrk9mavWAvL6ueic8TeB9FpDuJvPE16nqec1265Ff9rpzvjmg9riZEci1xH0qdpF4JWT7pkRG/PRSmZTpn5oUGKmXT614IngWTzykULFFMEC0nilhALP5zvY/va6Vi8iRIdbFYFjKy75tXnje+E2K6yuOOT3E8SAnZldn84H1y1WO3LEyYdzgWNZUd+IsYrv2nbg7U/eeqcvXliG5a3EN3t1HQ0uvP3MpkwVXjUiQhWFttBoXKZ9qDgOx0bsTuZwZjicGz8/PI5UbIHSRRFbnNpt2oFj6TCAzTZ37WhsdmZ0Zmr5pAKuQfI37brx1vhSzcPp3a0gPShuFXRmMr20V7Q8G6K5ETYDLsB5yo5q6eJ0qTzyulxv7biNFVdYXEFbRHszwwmxL5qXZP4NjTJOM36Q2IyjfjiOxTaVpbuWtlA/Vf698d/7Y36BpwPRjbqoDqZ3PIt61lYQlNaKxWLtARGWIKpJyjIwnMCw255bKZ4cT2w9fLh3Vhx3PGzGRno0Wxf0w5wI8x6ZMyJSssmaA6GiYHz3uLpUmJqaOh2b2KkELnqX+cUMqfCTLxtmRI6G09XJKxoRGAZG4VruSOe6pkWCAeVl8/Aen/FEurxhLOOmjB3/nG0/PBZsx/M9x9aUN9c7SwRwq+ue/h7L8Tywh2191iW1guEa+k4BxQts64geNaHLthUQRcpyfc9aqdRqlfEHjibMuaVM1ayHsjDn0ZJM9ctR66TEDDTTjeN7wdQLwWA818eD+2wZbZCli7hFU6yjvu/bRozhijeDdZTSS1uu+VaUxYZLf9L2V/UH9y/oyLHs121B7+iyjbaeIyTYuq40BA6dZ133eZYx14IX3OtcuX0qe3AWcQiHSYumHptLNlImq9/R9rfXJVlSQE3uMqsNT/jFTU+ZcYa+n8Kw/ZV06KSw7XhUEwrRzoQ1RBCEMc+dXdCZY0dAniRwZuax4xiinWWrDEMdd3E006BLwQu2W7Q5RWS6GrkGMXWyK5o8Z8p2Un7i5q/2zrSnbSQO44ENKgoJW0IoEFoCWkQhINLSBRXCpS3aL+BoZiRQQmwrI5kX+f73Zo7/OGFZNqhNG9vP703VqiAHY8/1HNeTvcSGT3chGGPPa6MSuEkA3fv7bqf00kbrzFbNp7TAuyEh9GBq4K8PT7nm2lZK6S8VR1/vTzdnZn4r02zizq4dzJ1vB9vzv9zS2HzkJKXgw9mC1sJMMVTGe2433KnySX9ddDphN+7GjtlauQ/GymoqfF33/Yf4xT4YVjuVrf95tgrzlbZPA7HVNLU7fmf96+iJwm2gdRfdtxu5l17veq2+Vu76nfa9fYWYoaIXvG18zv1yFi4lE9S9qgWSNmwqtrG6A1Ux1N7AtXRa2RvOJ32J89uB3+363cqYZ9DLR6X3vaDbU8H63aDz/mBrjLny4upZbacX+F07jwt6O+t7W08PkYpn7cD3g5GcYDORG82RMz/a3Ub5Tn3LXkdF/HeD7k7tdjrKYQ+lbV5R2ifTBMDJqW723igkzvjf9MyOqt6E+IGWlv/ei/1QWlpq7I5/jJev7u6VKuXtcqW0vzt2k8LK3PyHj0u19fJ6ZengbH7uuTfYzOp+6eNa9d8HLnet507ZFjbUtxxcib6Uo7lpKQ8sXvRd4TlljXFbz8KpAcRZU4XHh3ww6j9c/ZSLLBReOxAuFhZmFwpq6H3NV+YXV5aXlwuLLwwHxfwYBy4j37KwPGsvZWo48SJKI7GBklSw54xLVLZu/4G5nVou6/nc1PJzJkxka3rhPH0Kq8Tqj8LFwPOhNh+atvG4w83YYAT9QvxgS0syeZVGbmqeh1nd8OIJFxPsQikEeR/IwmIFF9qPrlb28k0ON701tgR6mmj2mevwUS4lFwtNumjGGXP161Sv+v2xvyl60lXO2W6iLnvlRgqyPTA6NdXZ0NxEVTDOOCUXuIP274/9TQfzbTum/5Gs6z6MQu4W5kIM1fvYGZtNpLFWNkJeLOKek/7u/mE1WdedP5b6xW6XY9a/wik8yPPiWifdvE3V6Fe45Sq61Gg3W3MJu/CTzYjbQZuZrXY6dKPDNUaRFZyTmUnW0WqcM/FHOg8hccXe15LGaTb8AmexKZWNaqq4J0+ruOP6GNXUAdeWk3bps6e6ZN0sxamdT0vk9OvcBAdrJY2eyKuxXTZxx3MuKrrlHyTvvXcuXdAQF/GszW3buJBBYQt6J2NpSR7WJvNcn+f0/8J+k9TlxGzqq2lucLlhVhhL9oaJaqQSxFrPqKWSNnnXfBGRiZAhwbPQ8ZHCVrRQQrheujPu9Y/zuOEDqmWbYVJO4j6VUk7FLhZzjipctJzZk+eu+SOclKUlaXOhkjVMBfuJvH5leBH2gX6SS0HZJHqUVw5X9niNG74w+9dRzWqi7lsbyfwQyvBicqJ0tC/3Yp0UqejUsl1JayZoaUnMe32vVt7udKz6zT9I5mg3o5RTOkJSuxhF3NXijlqZsSp7bPIaqan/YdUC27RulOzvkvpJDpXhhTbceRxZoA/Rue1L1oUdN4WsP+ifglasuL3vriX2gxQu+rRCpxp0Tq4XHm/YsDDEcs30PpMfolFM7ie58sK4qIPuuwn1druxwhPyGJvuDRvhrxxrD3tJfvGZqGByqgsS0ng6a8oIJ7kQ0SY0Urkt/8HsyfT88t/J3rKobkamtcFO3HXWs/GtORG0J7Fcy+WKty1/QOf3yqfEq4eaj/Yg3XNFy7FWxkSTyEtopBRz+6WDxtG7YvI/ycql1I+2YJyTAt4IqIxoRnAvOscNt6NhWqY2h3KkpU/YkzXmDl6gkUof+QtpxBRcsLi5yx6rKqU7NFIpfGWdbMY7NFYFb9s+dOxEv47TtRRS74uhIk5TtybIzBidYrmWRqqnkVZM6AecM2pVtyM6NFLppCntKG4qG5h+1HW6jIClJa2s3Eiu1JHMuFUFs85lT3ghLC1p5QuLTMiQjRmyDevMk8dYrqWV4rHUAfDcCmNtsaYXYrmWYk42I7f/zlz/GptY7C+YBq6lVbtz5rJJoJFKOSYqmNn4CWaUNH1suqebc0kmdVvmxFkfGqmUU1ANL7Qlw7RVWUIjlfplmwhdlaoyMfJHWFpST77e58Iuz9WfITRSGeCzLll3mbCwtGSCN32bG6mO17BcywYLl9ITgnFtZJNYrmWDQ2kSCITH5Tcs17JB8ULqLg8hQoHlWla4CkPToCyhkcoOdVX7wBhif7NE9c9ISWIR+5spmlIFxsHSkilWbqQXIvY3a8u2KOrD0pK1ZdvxIzRSWWPmxMNyLXt3vYnlWgbvOn4EAAAAAAAAAAAAAAAAAAAAAAAAAAAAAAAAAAAAAAAAAAAAAAAAAAAAAAAAAAAAAAAAAAAAAAAAAAAAAAAAAAAAAAAAAABezT+zKEau+I976gAAAABJRU5ErkJggg==
